NA 2.9 NA NA NA NA NA NA 359 NA NA NA NA NA NA NA NA 1939.838 NA 172.6226
NA 15.2 NA NA NA NA NA NA 603 NA NA 652 NA NA NA NA NA 3854.242 23.2 236.4919
NA 30.7 NA NA NA NA NA NA 240 NA NA 312 NA NA NA NA 835 1987.112 9.5 138.877
NA 13.2 NA NA NA NA NA NA 366 NA NA 430 NA NA NA NA 848 3158.394 12.7 172.6226
NA 17.1 NA NA NA NA NA NA 462 NA NA 762 NA NA NA NA 856 3916.459 19.5 206.78
NA 23.3 NA NA NA NA NA NA 683 NA NA 642 NA NA NA NA 937 4105.506 24.5 251.0939
NA 8.5 NA NA NA NA NA NA 366 NA NA 298 NA NA NA NA 953 3386.425 5.68 197.9805
NA 30.7 NA NA NA NA NA NA 562 NA NA 1066 NA NA NA NA 1004 4143.399 28.2 453.3664
NA 16.6 NA NA NA NA NA NA 362 NA NA 374 NA NA NA NA NA 3497.636 4.31 168.5848
NA 15.9 NA NA NA NA NA NA 376 NA NA 382 NA NA NA NA 740 1541.275 9.3 20.45017
NA 12.8 NA NA NA NA NA NA 285 NA NA 366 NA NA NA NA 901 3116.696 8.95 132.3989
NA 59.1 NA NA NA NA NA NA 576 NA NA 233 NA NA NA NA 881 5902.499 36 321.3434
NA 9.56 NA NA NA NA NA NA 429 NA NA 252 NA NA NA NA 901 2398.643 6.19 197.9805
NA 10.4 NA NA NA NA NA NA 607 NA NA 301 NA NA NA NA 860 3120.326 NA 262.3173
NA 53.7 NA NA NA NA NA NA 550 NA NA 526 NA NA NA NA 1005 3812.987 NA 297.1573
NA 28.3 NA NA NA NA NA NA 296 NA NA 392 NA NA NA NA 908 2230.298 NA 159.2111
NA 10.3 NA NA NA NA NA NA 245 NA NA 301 NA NA NA NA 1361 2313.854 0.644 99.80721
NA 14.1 NA NA NA NA NA NA 574 NA NA NA NA NA NA NA 1716 2840.777 22.8 285.3506
NA 10.4 NA NA NA NA NA NA 279 NA NA NA NA NA NA NA 1200 2704.985 8.99 83.33611
NA 8.77 NA NA NA NA NA NA 279 NA NA 449 NA NA NA NA 4010 4341.409 5.81 172
NA 30.7 NA NA NA NA NA NA 517 NA NA 310 NA NA NA NA 1137 2484.656 4.39 236
NA 7.99 NA NA NA NA NA NA 216 NA NA 183 NA NA NA NA NA 1831.32 6.25 109
NA 7.63 NA NA NA NA NA NA 489 NA NA 696 NA NA NA NA NA 2979.232 8.5 163
NA 19.6 NA NA NA NA NA NA 756 NA NA 659 NA NA NA NA 1084 5126.836 23 334
NA 47.4 NA NA NA NA NA NA 297 NA NA 377 NA NA NA NA 1313 2484.656 93 214
NA 3.94 NA NA NA NA NA NA 228 NA NA 260 NA NA NA NA 1165 2660.318 3.81 102.6
NA 30.7 NA NA NA NA NA NA 590 NA NA 381 NA NA NA NA 1599 3215.844 NA 220.2195
NA 21.6 NA NA NA NA NA NA 480 NA NA 399 NA NA NA NA 1878 2932.786 108 230.4213
NA NA NA NA NA NA NA NA 627 NA NA 406 NA NA NA NA 3977 3792.427 NA 297.9739
NA NA NA NA NA 3382.6 NA NA 281 NA NA 343 NA NA NA NA 1544 2026.857 NA 130.8633
NA NA NA NA NA 5436.7 NA NA 242 NA NA 457 NA NA NA NA 1231 3302.798 NA 103.0771
NA NA NA NA 419 2747.5 NA NA 446 NA NA 310 NA NA NA 724 1403 2066.918 NA 202.3519
NA NA NA NA 2289 4262.8 NA NA 307 NA NA 350 NA NA NA 638 1455 2696.028 NA 177.6828
NA NA NA NA 710 1064.3 NA NA 117 NA NA 153 NA NA NA 292 457 806.3203 NA 106.0253
NA NA NA NA 1414 2180 NA NA 333 NA NA 201 NA NA NA 535 1065 2026.857 NA 147.497
974 NA NA NA 2768 5378.4 NA NA NA NA NA 553 3649.865 NA NA 745 1707 3509.303 NA 218.2027
568 NA NA NA 1773 2615 NA NA NA 81.6 NA 310 2187.982 NA NA 478 1190 2147.983 NA 172.1836
285 NA NA NA 1707 2556.6 NA 789 NA 191.6 NA 384 1972.269 259 NA 701 1311 1924.182 NA 137.4157
NA NA NA NA 906 1511.8 NA 300 NA 222 NA 198 1195.996 235 NA 347 501 1195.423 NA 115.0801
NA NA NA 4456 2919 4018.2 NA 1568 NA 307.4 NA 417 3389.008 404 NA 693 1752 3167.94 NA 286.5839
NA NA NA 3810.6 2543 3562 NA 1948 NA 553 NA 395 2807.108 638 NA 781 1352 2633.661 NA 242.9207
NA NA NA 4050.8 3526 5555.2 NA 2101 NA 1323.8 NA 804 4436.179 763 NA NA 9579 1571.151 NA 245.031
NA NA NA 5170.129 2701 4228 NA 1046 NA 518 NA 545 3057.654 357 NA NA 2637 3312.517 NA 293.1281
NA NA NA 2500.158 1475 2261 NA 716 NA 293 NA 357 1797.405 398 NA NA 894 1854.362 NA 156.0261
NA NA NA 4732.935 3406 4263.2 NA 2330 NA 587 NA 520 3963 537 701 NA 2596 3731.014 NA 461.3368
NA NA NA 4346.351 2440 4000.8 NA 1281 NA 442 NA 457 3057.654 679 586.6 NA 1968 NA NA 217.5247
NA NA NA NA 1475 2792.2 NA 447 NA 318.4 543 292 1261.978 147 398.6 NA 922 NA NA 84.62543
NA NA NA NA 4899 7396.5 NA 2630 NA 882 6470 744 5940.572 884 1269 NA 7084 NA NA 193.5764
NA NA NA NA 2701 4298 NA 1807 NA 490 3735 641 3450.844 514 671.6 NA 1352 NA NA 110.2896
NA NA 1140.2 NA 1579 2528 304.2 967 NA 386.2 1600 336 1705.019 192 467 NA NA NA NA 140.1292
NA NA 1517.3 NA 2167 3414.8 406.2 893 NA 607.4 2616 457 2511.635 302 713.6 NA NA NA NA 72.08691
NA NA 667 NA 1081 1642.3 198.5 463 NA 265.4 1151 207 1202.525 121 328.4 NA NA NA NA 77.56712
NA NA 524.5 NA 1053 1856.5 167.2 392 NA 166 558 159 1144.325 161 245.4 NA NA NA NA 36.02631
NA NA 2053.5 NA 2782 3921 991 1478 NA 1010.4 3709 650 3176.427 373 951.6 NA NA NA NA 517.8584
NA NA 2345 NA 3526 4956.4 1481 2914 NA 931 4496 512 4309.996 1005 909.8 NA NA NA NA 38.67053
NA NA 1308.2 NA 2339 2982 579.2 1735 NA 312.8 2616 476 2694.629 358 441.8 NA NA NA NA 17.53274
NA NA 1285.8 NA 1886 NA 339.2 833 NA 547 2368 566 2196.473 377 499.4 NA NA NA NA 192.6012
NA NA 631.6 NA 1018 NA 190 418 NA 242.6 1186 150 1062.489 170 321.3 NA NA NA NA 55.17664
NA NA 1274.6 NA 2119 NA 382 677 NA 380 2637 705 2422.246 289 531.5 NA NA NA NA 76.47209
NA NA 4852.8 NA 7529 NA 1422.5 1917 NA 1646.6 7630 952 7313.934 521 1782.8 NA NA NA NA 548.5327
NA NA 1330.6 NA 2143 NA 652.2 1030 NA 258.5 2348 360 2230.581 139 486.8 NA NA NA NA 184.2306
NA NA 960 NA 1610.5 NA 257.8 763.2 NA 228.2 1991.9 420.2 1852.276 180.3 377 NA NA NA NA 138.1323
NA NA 1451.8 NA 2095 NA 457.393 932.3 NA 469.5 2152 284.1 2187.982 269 650.6 NA NA NA NA 236.9446
NA NA 1275.5 NA 1734.55 NA 316.7939 511.65 NA 386.9 1829.5 353.2 1836.525 91.265 579 NA NA NA NA 159.1669
NA NA 667 NA 3030.4 NA 573.4641 3014 NA 395 3571.6 449 3277.2 401.4 614 NA NA NA NA 277.4066
NA NA 2862.6 NA 3896.8 NA 987 3266 NA 770.8 5163 1072.2 4095.8 278.4 980.4 NA NA NA NA 247.3263
NA NA 1717.8 NA 2452.9 NA 576.1 1286.9 NA 787.4 3196.6 1113.4 NA 361.5 793.8 NA NA NA NA 279.6117
NA NA 3157 NA NA NA 801.5 1987.7 NA 738 NA 576.4 NA 710.6 1084 NA NA NA NA 273.0187
NA NA 1688 NA 1438.092 NA 57.27444 784.5731 NA NA NA 183 1488.782 188.3 366.2 NA NA NA NA 107.1805
NA NA 1538.6 NA 2085.163 NA 261.8442 762.0805 NA NA NA 438.2 2508.5 405 688.4 NA NA NA NA 108.1669
NA NA 1216 NA 1924.492 NA 454.5316 819.1204 NA 572.9 NA 221.85 1961 134.6 656.9 NA NA NA NA 75.02826
NA NA 3298 NA 3589.603 NA 707.6771 1935.382 NA 863.6 NA 741.75 4429.25 382.6 671.6 NA NA NA NA 325.4
NA NA 1559.95 NA 2024.948 NA 422.7884 735.6523 NA 338 NA 371.9 1998.4 86.775 596.1 NA NA NA NA 86.1163
NA NA 1871.6 NA 3079.053 NA 450.7318 1310.803 NA 507.5 NA 688.9 3576.6 124.7 660.05 NA NA NA NA 92.5627
NA NA NA NA 5136.313 NA 933.3686 1695.572 NA 1963.455 NA 650 5780.15 341.8 504.9 NA NA NA NA 342.42
